function T = T_xd(x)

T = [0,0,0,1;0,0,0,0;0,0,0,0;0,0,0,0];