function T = T_yd(y)

T = [0,0,0,0;0,0,0,1;0,0,0,0;0,0,0,0];