function T = T_zd(z)

T = [0,0,0,0;0,0,0,0;0,0,0,1;0,0,0,0];